# List.map sample_person (get_samples "/Users/alexyk/cells/samples/samples-2004-10-01_s100_x1000-3");;
 
~/ht/ngram ./treeru.opt /Users/alexyk/cells/samples/samples-2004-10-01_s100_x1000-3

1|76 [5|752] 3|3 [510|598] 71|71 [238|278] 7|7 [299|304] 8|8 [540|690] 10|10 [363|539] 
11|64 [293|334] 12|12 [443|427] 14|14 [279|453] 15|15 [380|487] 16|16 [495|568] 
17|17 [122|627] 87|87 [326|343] 19|19 [437|445] 20|20 [467|585] 21|21 [414|370] 
23|54 [111|554] 63|63 [277|501] 53|53 [388|462] 28|28 [444|788] 8|8 [309|406] 
34|34 [277|503] 60|60 [106|454] 37|37 [306|254] 38|38 [511|773] 76|76 [685|1000] 
41|41 [555|531] 42|88 [390|327] 43|43 [669|644] 47|63 [220|534] 49|49 [579|600] 
52|52 [468|561] 53|53 [693|801] 55|55 [99|578] 56|56 [426|427] 58|58 [538|540] 
78|71 [315|406] 60|60 [198|290] 61|61 [764|868] 81|81 [308|600] 63|63 [521|728] 
64|64 [780|841] 65|65 [225|286] 66|66 [325|313] 67|67 [697|773] 16|76 [267|306] 
69|69 [868|862] 71|71 [530|635] 72|8 [350|341] 73|73 [401|516] 74|74 [367|450] 
76|76 [438|710] 77|77 [444|564] 78|78 [721|749] 79|79 [408|493] 80|80 [555|651] 
81|81 [573|662] 74|79 [52|540] 83|83 [480|659] 86|86 [316|339] 87|87 [715|732] 
88|88 [606|681] 89|89 [385|520]

1|76 [5|752] 3|3 [510|598] 71|71 [238|278] 7|7 [299|304] 8|8 [540|690] 10|10 [363|539] 11|64 [293|334] 12|12 [443|427] 14|14 [279|453] 15|15 [380|487] 16|16 [495|568] 17|17 [122|627] 87|87 [326|343] 19|19 [437|445] 20|20 [467|585] 21|21 [414|370] 23|54 [111|554] 63|63 [277|501] 53|53 [388|462] 28|28 [444|788] 8|8 [309|406] 34|34 [277|503] 60|60 [106|454] 37|37 [306|254] 38|38 [511|773] 76|76 [685|1000] 41|41 [555|531] 42|88 [390|327] 43|43 [669|644] 47|63 [220|534] 49|49 [579|600] 52|52 [468|561] 53|53 [693|801] 55|55 [99|578] 56|56 [426|427] 58|58 [538|540] 78|71 [315|406] 60|60 [198|290] 61|61 [764|868] 81|81 [308|600] 63|63 [521|728] 64|64 [780|841] 65|65 [225|286] 66|66 [325|313] 67|67 [697|773] 16|76 [267|306] 69|69 [868|862] 71|71 [530|635] 72|8 [350|341] 73|73 [401|516] 74|74 [367|450] 76|76 [438|710] 77|77 [444|564] 78|78 [721|749] 79|79 [408|493] 80|80 [555|651] 81|81 [573|662] 74|79 [52|540] 83|83 [480|659] 86|86 [316|339] 87|87 [715|732] 88|88 [606|681] 89|89 [385|520]

# ss;;
- : string =
"1|83 [5|752] 3|3 [510|598] 78|78 [238|278] 7|7 [299|304] 8|8 [540|690] 10|10 [363|539] 11|71 [293|334] 12|12 [443|427] 14|14 [279|453] 15|15 [380|487] 16|16 [495|568] 17|17 [122|627] 95|95 [326|343] 19|19 [437|445] 20|20 [467|585] 21|21 [414|370] 23|59 [111|554] 70|70 [277|501] 58|58 [388|462] 29|29 [444|788] 8|8 [309|406] 35|35 [277|503] 66|66 [106|454] 38|38 [306|254] 39|39 [511|773] 83|83 [685|1000] 42|42 [555|531] 43|96 [390|327] 44|44 [669|644] 49|70 [220|534] 51|51 [579|600] 57|57 [468|561] 58|58 [693|801] 60|60 [99|578] 61|61 [426|427] 63|63 [538|540] 85|78 [315|406] 66|66 [198|290] 68|68 [764|868] 89|89 [308|600] 70|70 [521|728] 71|71 [780|841] 72|72 [225|286] 73|73 [325|313] 74|74 [697|773] 16|83 [267|306] 76|76 [868|862] 78|78 [530|635] 79|8 [350|341] 80|80 [401|516] 81|81 [367|450] 83|83 [438|710] 84|84 [444|564] 85|85 [721|749] 86|86 [408|493] 88|88 [555|651] 89|89 [573|662] 81|86 [52|540] 91|91 [480|659] 94|94 [316|339] 95|95 [715|732] 96|96 [606|681] 97|97 [385|520]"
# best_hits ss "/Users/alexyk/cells/samples/samples-2004-10-01_s100_x1000-3";;
- : int list =
[1; 1; 0; 1; 1; 1; 1; 1; 1; 1; 1; 1; 0; 1; 1; 1; 1; 0; 0; 1; 0; 1; 0; 1; 1;
 0; 1; 1; 1; 1; 1; 1; 1; 1; 1; 1; 0; 1; 1; 0; 1; 1; 1; 1; 1; 0; 1; 1; 1; 1;
 1; 1; 1; 1; 1; 1; 1; 0; 1; 1; 1; 1; 1]

batch_cutoff: hits (out of 63)
none          53
100           52
50            52
10            42
5             33
1             24

-- sample length 10
batch_cutoff: hits (out of 63)
none=1000     48
100           45
50            39
10            23
5             19
1              7

-- sample length 20
batch_cutoff: hits (out of 63)
none=1000     
100           
50            
10            
5             
1             